1.068548387096774, 1.358225108225109 -> 1.653225806451613, 3.0627705627705635
1.975806451612903, 2.1969696969696977 -> 1.754032258064516, 4.496753246753247
2.278225806451613, 3.1709956709956715 -> 1.653225806451613, 5.66017316017316
2.7217741935483875, 4.5238095238095255 -> 1.088709677419355, 6.7694805194805205
2.6814516129032255, 6.120129870129871 -> 0.4838709677419355, 7.3106060606060606
2.278225806451613, 7.337662337662339 -> 0.16129032258064524, 7.797619047619049
3.8306451612903225, 2.3322510822510827 -> 4.67741935483871, 3.847402597402598
4.39516129032258, 4.063852813852815 -> 5.564516129032258, 4.767316017316018
5.30241935483871, 5.146103896103897 -> 6.733870967741934, 5.362554112554113
6.290322580645162, 6.093073593073594 -> 7.560483870967742, 5.876623376623378
6.834677419354838, 6.904761904761905 -> 8.508064516129032, 6.066017316017318
8.407258064516128, 7.040043290043291 -> 9.475806451612902, 5.876623376623378
9.455645161290322, 6.4448051948051965 -> 9.939516129032258, 5.227272727272728
