2.096774193548387, 7.987012987012989 -> 2.5806451612903225, 7.364718614718615
1.8346774193548385, 6.8777056277056285 -> 2.5201612903225805, 6.363636363636365
1.350806451612903, 5.0649350649350655 -> 2.2983870967741935, 4.875541125541126
1.532258064516129, 3.6038961038961044 -> 2.5604838709677415, 4.280303030303031
3.0443548387096775, 2.602813852813853 -> 3.4475806451612905, 3.847402597402598
4.415322580645162, 2.521645021645022 -> 4.032258064516128, 4.00974025974026
5.665322580645162, 3.2792207792207804 -> 4.879032258064516, 4.7402597402597415
6.59274193548387, 4.9567099567099575 -> 5.221774193548386, 5.876623376623378
6.512096774193548, 7.148268398268399 -> 5.32258064516129, 6.904761904761905
5.30241935483871, 8.365800865800868 -> 4.71774193548387, 7.337662337662339
4.133064516129032, 8.663419913419915 -> 3.8911290322580645, 7.283549783549784
3.1451612903225805, 8.663419913419915 -> 3.1451612903225805, 7.635281385281386
