1.8346774193548385, 5.443722943722944 -> 2.4798387096774195, 5.091991341991344
2.157258064516129, 6.282467532467534 -> 3.1451612903225805, 5.66017316017316
2.6814516129032255, 7.175324675324676 -> 3.6693548387096775, 6.7694805194805205
6.854838709677418, 5.795454545454547 -> 5.987903225806452, 6.120129870129871
6.693548387096774, 5.146103896103897 -> 5.625, 5.254329004329005
6.411290322580644, 4.361471861471863 -> 5.34274193548387, 4.388528138528139
6.22983870967742, 3.306277056277057 -> 5.02016129032258, 3.3874458874458884
4.193548387096774, 7.905844155844157 -> 3.5685483870967745, 6.580086580086581
4.758064516129032, 7.5 -> 4.314516129032258, 6.174242424242426
5.524193548387096, 7.472943722943723 -> 4.97983870967742, 6.228354978354979
6.088709677419354, 7.0941558441558445 -> 5.705645161290322, 5.66017316017316
