1.350806451612903, 8.230519480519481 -> 0.5443548387096775, 6.904761904761905
2.278225806451613, 7.743506493506494 -> 1.6733870967741935, 6.066017316017318
3.2258064516129035, 7.337662337662339 -> 2.6612903225806455, 5.633116883116884
4.616935483870968, 6.850649350649352 -> 4.516129032258064, 5.0649350649350655
5.443548387096774, 6.5530303030303045 -> 5.262096774193548, 4.713203463203465
6.149193548387096, 6.904761904761905 -> 6.088709677419354, 4.794372294372295
4.97983870967742, 8.879870129870131 -> 4.012096774193548, 7.3106060606060606
5.403225806451612, 8.122294372294373 -> 4.818548387096774, 7.148268398268399
5.887096774193548, 7.6893939393939394 -> 5.32258064516129, 6.066017316017318
7.661290322580644, 7.283549783549784 -> 8.44758064516129, 5.714285714285715
8.407258064516128, 7.364718614718615 -> 9.133064516129032, 6.174242424242426
9.233870967741934, 7.824675324675326 -> 9.899193548387096, 6.6612554112554125
